0 0.612836 0.375281 0.059578 0.629771
0 0.754195 0.381427 0.063766 0.635354
1 0.333898 0.497760 0.052016 0.366896
1 0.401008 0.500000 0.046984 0.369125
1 0.471063 0.506156 0.044469 0.363521
1 0.539852 0.506719 0.044453 0.364646
1 0.610734 0.510635 0.048656 0.365771
1 0.678273 0.511188 0.049484 0.369125
1 0.748742 0.517896 0.051172 0.364667
0 0.682047 0.376396 0.062094 0.629750
0 0.545305 0.373604 0.058734 0.628625
0 0.476094 0.370813 0.059563 0.629750
0 0.405617 0.367458 0.062922 0.629750
0 0.335992 0.365208 0.062922 0.629750
0 0.266781 0.361302 0.065437 0.639813
1 0.265516 0.492167 0.054531 0.371375
