0 0.406039 0.366333 0.062078 0.629750
0 0.475672 0.370240 0.060406 0.626396
0 0.544883 0.373042 0.061234 0.627500
0 0.613258 0.374167 0.058734 0.629750
0 0.680789 0.376958 0.061234 0.630875
0 0.752523 0.380312 0.062078 0.635333
0 0.265523 0.358510 0.061234 0.634229
0 0.338086 0.362417 0.063766 0.633125
1 0.263000 0.506708 0.049500 0.335583
1 0.335156 0.510073 0.047813 0.337813
1 0.402688 0.513427 0.041937 0.335563
1 0.475258 0.517896 0.046141 0.324375
1 0.539008 0.520698 0.041109 0.327729
1 0.607797 0.525729 0.042781 0.328875
1 0.676594 0.527406 0.044469 0.334438
1 0.747906 0.533000 0.047812 0.334458
