0 0.266781 0.360177 0.067125 0.633104
0 0.682883 0.377521 0.062078 0.632000
0 0.613672 0.375281 0.059563 0.631979
0 0.544461 0.374167 0.062078 0.629750
0 0.476516 0.370250 0.060406 0.630875
0 0.407297 0.365208 0.066281 0.629750
1 0.675750 0.565990 0.042781 0.257271
1 0.607805 0.563760 0.041109 0.252812
1 0.744961 0.570469 0.040266 0.252812
1 0.539016 0.559281 0.037750 0.255021
1 0.473992 0.558156 0.046984 0.257271
1 0.402266 0.552573 0.041094 0.257271
1 0.334734 0.550333 0.041938 0.259500
1 0.261742 0.546427 0.046984 0.262854
0 0.338086 0.362417 0.062078 0.630875
0 0.753352 0.378635 0.062078 0.631979
