1 0.746648 0.550896 0.045297 0.294167
1 0.262164 0.526281 0.047828 0.300896
1 0.335148 0.528521 0.046141 0.296417
1 0.403109 0.530760 0.042781 0.303146
1 0.473578 0.535802 0.042781 0.293062
1 0.539852 0.538031 0.044453 0.293062
1 0.608219 0.541385 0.041938 0.295312
1 0.678695 0.543063 0.045297 0.296417
0 0.753773 0.381427 0.061234 0.633104
0 0.682469 0.378073 0.061250 0.633104
0 0.613258 0.374719 0.062078 0.626396
0 0.544469 0.373604 0.060406 0.628625
0 0.476930 0.371365 0.059578 0.630854
0 0.406047 0.368573 0.060406 0.631979
0 0.338086 0.362969 0.062078 0.634229
0 0.265102 0.360177 0.067109 0.635354
