0 0.541523 0.374156 0.062922 0.625271
1 0.745805 0.502802 0.046984 0.388146
0 0.683305 0.376406 0.062922 0.627521
0 0.475672 0.371365 0.062094 0.630854
0 0.406461 0.367448 0.061234 0.631979
0 0.335992 0.362979 0.062922 0.629750
0 0.267617 0.359615 0.062078 0.634229
0 0.752516 0.381427 0.063750 0.633104
0 0.613672 0.374156 0.059563 0.625271
1 0.262578 0.475958 0.050469 0.406042
1 0.329688 0.483219 0.041875 0.402687
1 0.403523 0.484333 0.048672 0.398208
1 0.471898 0.492167 0.047828 0.398208
1 0.538984 0.493292 0.044531 0.395958
1 0.609062 0.494406 0.041875 0.393729
1 0.679117 0.498885 0.046141 0.395979
