1 0.469797 0.582219 0.045312 0.213646
0 0.267625 0.359104 0.065437 0.630958
0 0.337250 0.362969 0.062094 0.634229
0 0.406047 0.368010 0.060406 0.633104
0 0.476094 0.373042 0.061250 0.629750
0 0.544461 0.374719 0.063766 0.628646
0 0.614094 0.374156 0.060406 0.627521
0 0.682047 0.378083 0.062094 0.630875
0 0.752523 0.382552 0.062078 0.635354
1 0.265102 0.571594 0.050328 0.221479
1 0.335992 0.574948 0.047828 0.214771
1 0.404367 0.579969 0.041953 0.213646
1 0.744547 0.593396 0.041094 0.211417
1 0.675758 0.588927 0.041109 0.209187
1 0.608227 0.586135 0.040266 0.212521
1 0.537750 0.581656 0.038594 0.210271
