1 0.609062 0.458615 0.046969 0.460854
0 0.612414 0.375865 0.062078 0.628687
1 0.264266 0.441271 0.060406 0.479875
1 0.332633 0.446302 0.047828 0.474271
1 0.403523 0.450219 0.048672 0.468687
1 0.474828 0.455813 0.048656 0.464208
1 0.542367 0.456927 0.051172 0.459729
1 0.678695 0.466437 0.052016 0.463083
1 0.749586 0.464771 0.051172 0.464208
0 0.683727 0.377521 0.063766 0.632000
0 0.754195 0.378635 0.063766 0.634229
0 0.544883 0.372479 0.062922 0.624167
0 0.267625 0.359063 0.065437 0.630875
0 0.406461 0.365771 0.064609 0.628625
0 0.475250 0.371365 0.059563 0.628646
0 0.337672 0.362979 0.061250 0.632000
