1 0.748742 0.480990 0.051172 0.438479
0 0.752102 0.380875 0.061234 0.629750
0 0.682883 0.376958 0.062078 0.626417
0 0.612836 0.376396 0.061234 0.629750
0 0.544883 0.374156 0.061234 0.627521
0 0.476094 0.373042 0.059563 0.629750
0 0.406461 0.367448 0.062922 0.631979
0 0.337672 0.365208 0.066281 0.629750
0 0.266359 0.361854 0.064594 0.638708
1 0.263430 0.460292 0.052016 0.444083
1 0.334734 0.463646 0.043625 0.450792
1 0.406461 0.467562 0.051172 0.442958
1 0.472320 0.471479 0.052016 0.441833
1 0.539844 0.468687 0.049500 0.434000
1 0.608219 0.472031 0.053688 0.431771
1 0.678687 0.476510 0.048656 0.436229
