0 0.607805 0.578302 0.061234 0.617437
0 0.538594 0.581104 0.058719 0.616333
1 0.746359 0.684177 0.052438 0.430479
1 0.604117 0.674146 0.049516 0.428542
1 0.330297 0.666698 0.050500 0.435646
1 0.398508 0.668323 0.051953 0.428521
0 0.473992 0.578865 0.055359 0.618562
0 0.401422 0.572708 0.064594 0.621917
0 0.333469 0.574385 0.059562 0.627521
0 0.261328 0.568240 0.066281 0.626396
0 0.747906 0.588375 0.061250 0.624167
0 0.678695 0.588365 0.062078 0.626396
1 0.259422 0.660875 0.054375 0.436958
1 0.675727 0.681260 0.050984 0.431104
1 0.535664 0.674469 0.045641 0.429187
1 0.470602 0.670260 0.051453 0.433688
