1 0.744906 0.788073 0.044656 0.227854
0 0.748328 0.590042 0.065437 0.625292
0 0.678695 0.586688 0.062078 0.629750
0 0.609906 0.587250 0.065437 0.628625
0 0.541523 0.578865 0.061234 0.625271
0 0.472320 0.577188 0.057047 0.621917
0 0.401844 0.575510 0.060406 0.620812
0 0.334313 0.571583 0.059563 0.624167
0 0.264258 0.569917 0.062078 0.629750
1 0.603383 0.778687 0.044172 0.240167
1 0.673055 0.781604 0.038828 0.235625
1 0.535172 0.775125 0.037875 0.231750
1 0.255781 0.764448 0.035437 0.236271
1 0.468898 0.771573 0.041266 0.233688
1 0.397781 0.765417 0.036906 0.235625
1 0.328844 0.765094 0.035937 0.229813
