0 0.541523 0.578302 0.061234 0.619687
1 0.398000 0.717281 0.045437 0.330896
1 0.330539 0.717750 0.046141 0.337417
0 0.609477 0.582771 0.061234 0.624167
1 0.746156 0.735000 0.052438 0.329042
1 0.537125 0.724740 0.046844 0.329063
1 0.604937 0.728000 0.045437 0.335583
1 0.261328 0.712625 0.048937 0.334625
1 0.468961 0.722875 0.048922 0.327167
0 0.265523 0.567677 0.066266 0.627521
0 0.334313 0.571594 0.052844 0.626396
0 0.469383 0.576625 0.057891 0.623042
0 0.401008 0.574385 0.060391 0.620812
0 0.677438 0.585573 0.064594 0.618562
0 0.748742 0.587812 0.064609 0.623042
1 0.673797 0.730792 0.050344 0.333708
