1 0.256867 0.806771 0.036703 0.152250
1 0.741078 0.828323 0.036875 0.148771
1 0.467469 0.813365 0.033781 0.146812
1 0.673117 0.826573 0.034953 0.140604
0 0.748742 0.592281 0.064609 0.634229
0 0.677852 0.587250 0.063766 0.626417
0 0.608641 0.586698 0.061250 0.627521
0 0.541531 0.583896 0.059563 0.624167
0 0.472734 0.579427 0.057875 0.619688
0 0.402266 0.574385 0.059563 0.627521
0 0.334734 0.573260 0.055375 0.627521
0 0.265523 0.568792 0.067953 0.627500
1 0.602922 0.819188 0.037875 0.152250
1 0.536500 0.816479 0.039031 0.151458
1 0.395516 0.813760 0.034375 0.149146
1 0.327359 0.809104 0.034375 0.152250
