0 0.398070 0.570469 0.061234 0.612979
0 0.609062 0.581656 0.063750 0.624146
0 0.540687 0.578302 0.059563 0.617437
0 0.471477 0.574938 0.058734 0.615208
0 0.333055 0.569906 0.055359 0.618562
0 0.264680 0.564875 0.067953 0.624167
1 0.673094 0.721010 0.048937 0.349563
1 0.604586 0.718688 0.046141 0.354208
1 0.399398 0.705635 0.048234 0.343021
1 0.331586 0.705625 0.045453 0.346750
1 0.260281 0.702375 0.052438 0.351417
0 0.747898 0.591167 0.067953 0.629750
1 0.743008 0.728469 0.051734 0.353271
1 0.536422 0.712625 0.046844 0.343958
1 0.468617 0.713552 0.048234 0.345813
0 0.677852 0.584448 0.057047 0.618562
