1 0.262617 0.657375 0.055828 0.451833
1 0.469438 0.661260 0.050000 0.446646
0 0.541945 0.582208 0.063766 0.623042
0 0.609477 0.583885 0.062922 0.626396
0 0.677438 0.585010 0.064594 0.619687
0 0.748742 0.588365 0.066266 0.626396
0 0.263422 0.570469 0.067125 0.628646
0 0.335992 0.572146 0.064609 0.620792
1 0.400984 0.657052 0.049031 0.448604
0 0.404781 0.572146 0.061250 0.618583
0 0.472312 0.577188 0.060406 0.617458
1 0.536922 0.665146 0.048062 0.451833
1 0.605617 0.667729 0.049516 0.454417
1 0.744227 0.676156 0.052922 0.447937
1 0.333984 0.657375 0.050000 0.451833
1 0.675047 0.672583 0.051469 0.443417
