1 0.401664 0.679000 0.044672 0.408458
1 0.332484 0.677708 0.050000 0.409750
1 0.744906 0.698094 0.049531 0.402646
0 0.263000 0.567677 0.066281 0.627521
0 0.333891 0.571583 0.058719 0.624167
0 0.405625 0.575510 0.059563 0.618562
0 0.473156 0.578302 0.058719 0.617437
0 0.542367 0.579979 0.061234 0.620792
0 0.609063 0.581656 0.060406 0.615229
0 0.678695 0.586125 0.062078 0.624167
0 0.748742 0.587250 0.064609 0.624167
1 0.673781 0.691625 0.047094 0.402625
1 0.605086 0.683208 0.045641 0.406500
1 0.537359 0.685792 0.047094 0.402625
1 0.469633 0.683531 0.047578 0.407146
1 0.260391 0.675437 0.054375 0.410417
