1 0.261430 0.661260 0.051516 0.447938
1 0.535953 0.673885 0.044187 0.430479
1 0.604891 0.673562 0.046125 0.429833
1 0.676016 0.674208 0.049531 0.424625
1 0.331836 0.665469 0.045703 0.433063
0 0.609062 0.582219 0.058719 0.614104
0 0.264266 0.569917 0.063750 0.629750
0 0.335148 0.571031 0.062922 0.620812
0 0.403945 0.572146 0.062922 0.625292
0 0.471898 0.577750 0.057891 0.623042
0 0.539430 0.581656 0.060391 0.612979
0 0.678273 0.580542 0.062922 0.615208
0 0.748320 0.590042 0.063766 0.625292
1 0.743984 0.685219 0.048562 0.429812
1 0.468727 0.672917 0.045672 0.429833
1 0.400742 0.665792 0.045641 0.432417
