1 0.399961 0.779656 0.038359 0.203271
1 0.743938 0.796167 0.042719 0.207792
1 0.675969 0.791313 0.045625 0.201958
1 0.255047 0.776104 0.041750 0.210375
1 0.468906 0.782896 0.039313 0.204542
1 0.330055 0.778365 0.041266 0.205854
0 0.260906 0.569917 0.068781 0.629750
0 0.334727 0.572146 0.057047 0.623042
0 0.402266 0.573260 0.059563 0.618563
0 0.471898 0.578302 0.057891 0.621938
0 0.537750 0.581094 0.063750 0.618562
0 0.607805 0.581104 0.066266 0.616333
0 0.677438 0.584448 0.064594 0.620812
0 0.749578 0.588927 0.064594 0.625271
1 0.601930 0.788073 0.038359 0.198062
1 0.535898 0.785490 0.041266 0.207146
