0 0.610320 0.581656 0.066266 0.624146
0 0.541109 0.578865 0.063750 0.618562
1 0.746602 0.672521 0.052922 0.458958
1 0.606781 0.661198 0.050000 0.463479
1 0.471336 0.658615 0.050984 0.459604
1 0.333695 0.652792 0.049516 0.453125
0 0.334734 0.571021 0.060406 0.623042
0 0.265937 0.566552 0.065437 0.625271
0 0.402688 0.573823 0.058719 0.621937
0 0.474406 0.577740 0.059563 0.625271
0 0.748320 0.589479 0.067109 0.630875
0 0.679117 0.587250 0.062922 0.621917
1 0.537117 0.659906 0.051453 0.458313
1 0.262813 0.649865 0.054375 0.456354
1 0.403609 0.655698 0.054375 0.458937
1 0.674266 0.667677 0.048063 0.462188
