0 0.610320 0.583896 0.062922 0.624167
0 0.678273 0.582781 0.062922 0.619687
0 0.749578 0.588927 0.066281 0.631979
1 0.601711 0.779979 0.036859 0.230958
0 0.263008 0.570479 0.062922 0.630875
0 0.334313 0.572156 0.062906 0.627521
0 0.402680 0.574948 0.062078 0.621938
0 0.470219 0.579417 0.061250 0.624167
0 0.540687 0.584448 0.064594 0.620812
1 0.326945 0.766771 0.037859 0.233042
1 0.747078 0.788010 0.045844 0.242604
1 0.673773 0.778646 0.045859 0.235708
1 0.532797 0.774542 0.037875 0.238208
1 0.466523 0.773250 0.039328 0.233042
1 0.396133 0.769688 0.036422 0.231083
1 0.255820 0.767094 0.040297 0.237563
