1 0.745195 0.696542 0.053891 0.405875
1 0.674070 0.692979 0.048547 0.403917
1 0.606102 0.691688 0.047578 0.403917
1 0.537648 0.688125 0.046609 0.407167
1 0.330594 0.677448 0.046125 0.401354
1 0.259219 0.672583 0.049031 0.405875
1 0.401469 0.680677 0.048062 0.411687
0 0.263422 0.566562 0.065437 0.623042
0 0.334313 0.571594 0.062906 0.619687
0 0.404367 0.572146 0.062078 0.623042
0 0.471477 0.577188 0.062078 0.621917
0 0.540687 0.583896 0.061250 0.621917
0 0.609055 0.583333 0.062078 0.620792
0 0.677016 0.586125 0.063750 0.624167
0 0.749578 0.586698 0.066281 0.627521
1 0.470406 0.685542 0.048062 0.407167
