1 0.329836 0.724271 0.041953 0.320667
0 0.539852 0.579979 0.057891 0.616333
0 0.471477 0.579417 0.057047 0.617458
0 0.403109 0.574385 0.059563 0.618563
0 0.335570 0.572156 0.053703 0.627521
0 0.265102 0.568229 0.065422 0.624167
1 0.260625 0.722875 0.048938 0.319708
1 0.399398 0.728000 0.044047 0.320667
1 0.466516 0.730792 0.044031 0.318792
1 0.536070 0.728938 0.046141 0.316917
1 0.604586 0.734531 0.050328 0.315063
1 0.673805 0.738719 0.046141 0.317854
1 0.745109 0.742917 0.048937 0.316917
0 0.750422 0.588365 0.066281 0.628646
0 0.678273 0.584458 0.062922 0.623042
0 0.609898 0.582208 0.062078 0.616333
