1 0.537781 0.735208 0.048687 0.318875
1 0.332531 0.725344 0.048687 0.315562
1 0.401258 0.729448 0.043141 0.320521
1 0.467523 0.733563 0.041297 0.318875
0 0.264258 0.570469 0.067109 0.626396
0 0.335992 0.571583 0.061234 0.621917
0 0.404781 0.574385 0.061250 0.625271
0 0.470641 0.578854 0.058719 0.623042
0 0.539852 0.582208 0.061234 0.616333
0 0.609477 0.582771 0.062922 0.628625
0 0.678273 0.583896 0.062922 0.621917
0 0.749578 0.587250 0.064594 0.626417
1 0.744883 0.743021 0.044984 0.321333
1 0.673383 0.737667 0.044984 0.315583
1 0.606820 0.736854 0.046234 0.318875
1 0.256711 0.725344 0.041297 0.318854
