1 0.537359 0.678667 0.045156 0.418167
1 0.257719 0.667354 0.045156 0.424000
1 0.330297 0.669615 0.044656 0.422062
1 0.469391 0.675115 0.046125 0.421396
0 0.538594 0.579427 0.060406 0.619688
0 0.260492 0.568229 0.062922 0.630875
0 0.334734 0.570469 0.058719 0.621937
0 0.401008 0.574385 0.053703 0.618563
0 0.470219 0.578302 0.056219 0.619687
0 0.609898 0.583333 0.063766 0.623042
0 0.677430 0.582771 0.061234 0.624167
0 0.750414 0.588927 0.067953 0.623063
1 0.745391 0.691948 0.050500 0.413646
1 0.675961 0.684177 0.047578 0.417521
1 0.605813 0.681917 0.050000 0.416875
1 0.401180 0.672208 0.045641 0.418167
