0 0.403945 0.572708 0.064609 0.621917
0 0.333469 0.569906 0.064594 0.625271
0 0.261328 0.564323 0.069625 0.627521
1 0.469688 0.677760 0.052438 0.417521
1 0.675773 0.687479 0.050016 0.417542
0 0.748742 0.588927 0.066266 0.627521
0 0.678273 0.586688 0.062922 0.623042
1 0.400984 0.672917 0.050969 0.419458
1 0.257766 0.668385 0.055844 0.422063
0 0.609055 0.585573 0.062078 0.625271
0 0.542359 0.578302 0.059563 0.617437
0 0.471477 0.577740 0.060391 0.620812
1 0.745195 0.692333 0.050984 0.420750
1 0.537406 0.680042 0.043219 0.418167
1 0.606344 0.683594 0.049031 0.423979
1 0.331320 0.670656 0.050484 0.418812
