1 0.468086 0.698406 0.045797 0.380771
0 0.471891 0.579417 0.059563 0.621917
0 0.609477 0.581104 0.062922 0.623042
0 0.539016 0.581094 0.064594 0.618562
0 0.403102 0.574948 0.062922 0.619687
0 0.334312 0.572146 0.057875 0.625292
0 0.263422 0.566552 0.067125 0.627521
0 0.678695 0.580531 0.062078 0.619687
0 0.750000 0.588927 0.063750 0.627521
1 0.260625 0.690719 0.048938 0.385896
1 0.330891 0.693042 0.046844 0.386833
1 0.399047 0.695385 0.044750 0.380312
1 0.674750 0.702302 0.048063 0.376104
1 0.741266 0.713313 0.043219 0.376083
1 0.536289 0.698865 0.045641 0.372854
1 0.605328 0.703917 0.048063 0.380625
