1 0.673594 0.795583 0.041750 0.211667
1 0.255336 0.776479 0.040297 0.217500
1 0.325492 0.780365 0.033984 0.209729
1 0.399523 0.784583 0.042234 0.210375
1 0.465797 0.785552 0.039813 0.212312
1 0.535953 0.788781 0.036406 0.209729
1 0.606828 0.789760 0.045156 0.214271
1 0.744227 0.800760 0.045141 0.207771
0 0.749164 0.591156 0.067109 0.627521
0 0.679109 0.588927 0.061250 0.627521
0 0.611156 0.582781 0.064594 0.626396
0 0.541945 0.581104 0.057047 0.623042
0 0.471898 0.579417 0.057891 0.630875
0 0.402266 0.577177 0.059563 0.633104
0 0.332633 0.573823 0.061234 0.633104
0 0.261328 0.569906 0.059563 0.634229
