1 0.604930 0.761167 0.040797 0.249500
1 0.255289 0.753760 0.043203 0.260229
1 0.672539 0.768312 0.044266 0.258667
0 0.400563 0.571563 0.059500 0.621875
0 0.332641 0.569906 0.054531 0.627521
0 0.260484 0.569917 0.064594 0.629750
1 0.329086 0.754740 0.039328 0.254396
1 0.396570 0.757323 0.038359 0.251812
1 0.466477 0.762510 0.037391 0.251812
1 0.535367 0.763479 0.038266 0.258917
1 0.740414 0.769479 0.041359 0.254792
0 0.748742 0.587802 0.062922 0.620812
0 0.679117 0.586688 0.062922 0.623042
0 0.610320 0.580000 0.061234 0.620833
0 0.542789 0.581094 0.057047 0.620812
0 0.472734 0.579417 0.054531 0.617458
