1 0.536547 0.717948 0.046219 0.353396
0 0.335992 0.570469 0.066266 0.621937
0 0.261742 0.569354 0.063766 0.635333
0 0.470219 0.576063 0.057875 0.624167
0 0.538594 0.579979 0.065437 0.620792
0 0.609055 0.581094 0.062078 0.625271
0 0.679531 0.586125 0.065437 0.624167
0 0.750422 0.587812 0.064594 0.623042
0 0.404359 0.573823 0.060406 0.626396
1 0.745187 0.728635 0.049313 0.340229
1 0.261031 0.709323 0.049937 0.359146
1 0.329445 0.708490 0.043766 0.349271
1 0.399102 0.713427 0.046234 0.354187
1 0.468438 0.717948 0.044375 0.356688
1 0.605273 0.718771 0.044391 0.353375
1 0.672766 0.723708 0.045000 0.348458
