1 0.534492 0.701719 0.042234 0.376104
1 0.400500 0.693948 0.048062 0.378688
1 0.468469 0.696542 0.045156 0.373500
1 0.333742 0.690073 0.047578 0.382563
1 0.259953 0.689094 0.051469 0.387104
1 0.743250 0.711104 0.048062 0.375458
1 0.604406 0.703333 0.044187 0.383208
0 0.750422 0.590042 0.069625 0.625292
0 0.678687 0.588365 0.065437 0.628646
0 0.610320 0.585573 0.062922 0.627521
0 0.540266 0.581656 0.060406 0.619688
0 0.470219 0.576625 0.056219 0.620792
0 0.403102 0.575500 0.062922 0.623042
0 0.335148 0.572708 0.062922 0.624167
0 0.264258 0.569906 0.067109 0.625271
1 0.673828 0.708521 0.046125 0.380625
