0 0.540266 0.582771 0.058719 0.617458
0 0.263844 0.567115 0.064594 0.626396
0 0.608641 0.585573 0.062906 0.627521
0 0.679117 0.588927 0.062922 0.627521
0 0.749156 0.590604 0.065437 0.633125
0 0.472734 0.579417 0.059563 0.624167
0 0.401008 0.574938 0.062078 0.630875
0 0.328437 0.572708 0.042781 0.621917
1 0.397102 0.795260 0.034484 0.183854
1 0.465805 0.799469 0.034953 0.180604
1 0.534742 0.801406 0.034953 0.175437
1 0.256789 0.788469 0.039328 0.181896
1 0.675531 0.805938 0.039812 0.185792
1 0.745195 0.814031 0.044172 0.182562
1 0.601734 0.803990 0.036906 0.183188
1 0.327914 0.792021 0.033016 0.181250
