1 0.470125 0.666375 0.053406 0.440167
1 0.326422 0.661844 0.040781 0.440188
1 0.259898 0.660552 0.048547 0.441479
1 0.742961 0.679646 0.050484 0.447292
1 0.532258 0.670260 0.046609 0.442771
1 0.401672 0.662490 0.054375 0.442771
0 0.607383 0.583333 0.063766 0.625292
0 0.470219 0.577740 0.059563 0.618562
0 0.402688 0.575500 0.058719 0.616333
0 0.677852 0.583719 0.062078 0.623812
1 0.604844 0.671552 0.047094 0.447938
1 0.675727 0.672208 0.050016 0.438875
0 0.265523 0.568240 0.066266 0.626396
0 0.333477 0.573823 0.056203 0.621937
0 0.748320 0.587250 0.057047 0.626417
0 0.538172 0.581656 0.061250 0.619688
