1 0.256797 0.695250 0.043219 0.368333
0 0.678273 0.585010 0.062922 0.617437
0 0.608219 0.583333 0.063750 0.623042
0 0.538594 0.578302 0.060406 0.619687
0 0.468539 0.579417 0.052859 0.624167
0 0.403109 0.573271 0.059563 0.623042
1 0.467734 0.706896 0.041750 0.357958
0 0.334313 0.571031 0.062906 0.620812
0 0.263000 0.568792 0.069625 0.625292
1 0.329867 0.700104 0.046609 0.359917
0 0.749156 0.588927 0.065437 0.620812
1 0.744953 0.715646 0.049531 0.362500
1 0.535469 0.706250 0.044187 0.360542
1 0.400500 0.702688 0.044187 0.357333
1 0.674797 0.712719 0.047094 0.360563
1 0.605133 0.711104 0.049516 0.365083
