1 0.534086 0.747125 0.041297 0.299958
1 0.602195 0.747531 0.039453 0.302437
1 0.745187 0.754115 0.049313 0.302438
1 0.465359 0.741781 0.039438 0.295854
0 0.331383 0.569354 0.057047 0.621917
0 0.403523 0.574938 0.063766 0.630875
0 0.467289 0.576073 0.052016 0.619687
0 0.538594 0.583885 0.055375 0.626396
0 0.608219 0.585010 0.058719 0.624146
1 0.260102 0.731094 0.045609 0.305729
1 0.330063 0.733969 0.046219 0.301604
1 0.399711 0.743427 0.043766 0.302438
1 0.674617 0.749990 0.048703 0.299146
0 0.679117 0.583896 0.062922 0.621917
0 0.750000 0.592281 0.063750 0.625271
0 0.264258 0.568240 0.062078 0.626396
