1 0.604937 0.710760 0.045437 0.368187
1 0.330539 0.700969 0.046141 0.370979
1 0.399398 0.703302 0.045453 0.364479
1 0.467562 0.705625 0.044750 0.361667
1 0.533281 0.707490 0.041938 0.365396
1 0.673797 0.714958 0.047531 0.361667
1 0.744758 0.723344 0.046828 0.363521
0 0.262164 0.568792 0.062922 0.629750
0 0.333891 0.572708 0.055375 0.626417
0 0.402266 0.573271 0.054531 0.623042
0 0.471063 0.578302 0.059563 0.615229
0 0.538172 0.578865 0.059563 0.618562
1 0.258523 0.697708 0.046141 0.370042
0 0.609055 0.583333 0.062078 0.623042
0 0.677852 0.585573 0.058734 0.618562
0 0.750836 0.589479 0.062078 0.624167
