0 0.282719 0.374167 0.065437 0.578292
1 0.601203 0.496937 0.041375 0.331958
1 0.534289 0.499552 0.038891 0.329104
1 0.469016 0.496802 0.039562 0.333521
1 0.734258 0.497656 0.042797 0.326729
1 0.667195 0.499323 0.041391 0.331979
0 0.728609 0.376406 0.076344 0.582771
0 0.662758 0.378635 0.062078 0.585021
0 0.597320 0.379750 0.062078 0.587250
0 0.534820 0.376396 0.057891 0.585000
0 0.472312 0.378073 0.058719 0.581646
0 0.408977 0.377510 0.057891 0.582771
0 0.347734 0.375281 0.057875 0.580521
1 0.339578 0.501604 0.039563 0.326667
1 0.403781 0.496115 0.036469 0.334896
1 0.275117 0.494750 0.042109 0.330792
