1 0.471844 0.497490 0.039031 0.333521
0 0.663586 0.375281 0.062078 0.591729
0 0.730305 0.377521 0.079672 0.596208
1 0.737391 0.501604 0.055469 0.329417
1 0.668305 0.501260 0.040578 0.328729
1 0.539391 0.498521 0.045719 0.332833
0 0.282305 0.372490 0.062922 0.574937
0 0.346062 0.372490 0.059563 0.574937
0 0.408977 0.372490 0.056203 0.577188
0 0.470641 0.373604 0.055375 0.579417
0 0.534812 0.374719 0.061250 0.581646
0 0.599828 0.375833 0.060406 0.586125
1 0.338297 0.501260 0.038000 0.325979
1 0.272547 0.496125 0.038000 0.326667
1 0.605133 0.501260 0.046734 0.330104
1 0.401469 0.496812 0.039031 0.329417
