1 0.469984 0.496469 0.040062 0.329562
1 0.667844 0.498927 0.040062 0.332854
1 0.732555 0.504271 0.046234 0.327083
1 0.340258 0.495229 0.039484 0.325458
1 0.537164 0.499760 0.044984 0.337771
1 0.273359 0.495646 0.037594 0.321333
1 0.403109 0.498521 0.038219 0.325458
0 0.729453 0.376958 0.076344 0.586125
0 0.662336 0.375844 0.062922 0.583896
0 0.596898 0.375281 0.057891 0.585021
0 0.535648 0.376427 0.056203 0.585063
0 0.471445 0.374719 0.058672 0.583896
0 0.408555 0.373604 0.057047 0.581667
0 0.346477 0.371365 0.057047 0.577187
0 0.281461 0.370802 0.061234 0.576063
1 0.601578 0.498115 0.038219 0.334479
