1 0.337008 0.499552 0.032359 0.325313
1 0.403789 0.499198 0.039547 0.328729
1 0.271773 0.498865 0.039547 0.333521
0 0.660625 0.376396 0.057813 0.596208
0 0.728187 0.376396 0.072156 0.593958
1 0.734820 0.502635 0.045203 0.331479
1 0.666250 0.501604 0.037500 0.332167
1 0.604617 0.501604 0.043672 0.329417
1 0.538609 0.499885 0.040062 0.331479
1 0.470555 0.498854 0.041609 0.329417
0 0.281023 0.375281 0.065484 0.587229
0 0.346477 0.374719 0.057047 0.583896
0 0.411070 0.375844 0.057047 0.583896
0 0.471477 0.373604 0.055359 0.579417
0 0.534812 0.375833 0.061250 0.586125
0 0.598992 0.376396 0.062078 0.591708
