1 0.601797 0.498521 0.042125 0.332833
0 0.280617 0.372490 0.067953 0.574937
0 0.347313 0.373042 0.058719 0.578292
0 0.408555 0.371365 0.058734 0.577187
0 0.473148 0.373052 0.062078 0.582771
0 0.536500 0.373604 0.054531 0.583875
0 0.599414 0.374167 0.061234 0.587250
0 0.663586 0.375281 0.062078 0.587229
0 0.733641 0.375844 0.081375 0.588354
1 0.737656 0.500917 0.051875 0.328042
1 0.668047 0.498521 0.041094 0.338333
1 0.536820 0.499885 0.038516 0.327354
1 0.471070 0.498177 0.031328 0.325312
1 0.404555 0.501260 0.045203 0.315021
1 0.339578 0.501260 0.039563 0.325979
1 0.271773 0.497833 0.047766 0.324625
