1 0.539898 0.498177 0.042641 0.333521
1 0.403266 0.496802 0.035438 0.334896
1 0.338289 0.501604 0.036984 0.329417
1 0.272805 0.501260 0.039547 0.339687
1 0.470555 0.497146 0.041609 0.336958
0 0.346055 0.377490 0.057891 0.589562
0 0.408133 0.376437 0.057891 0.591625
0 0.282273 0.379740 0.062984 0.582812
0 0.730289 0.378073 0.074672 0.583896
0 0.471477 0.378604 0.058734 0.591792
0 0.535234 0.378083 0.062094 0.592833
0 0.599828 0.373604 0.060406 0.583875
0 0.661898 0.376396 0.058703 0.578292
1 0.734063 0.499896 0.044688 0.323250
1 0.669852 0.497500 0.043672 0.330792
1 0.603336 0.497833 0.043141 0.331458
