2 0.270772238514174 0.49674054758800507 0.035190615835777136 0.3155149934810952
2 0.3372434017595308 0.49869621903520206 0.03323558162267839 0.3220338983050847
2 0.40224828934506357 0.49674054758800523 0.03421309872922775 0.318122555410691
2 0.4716520039100684 0.5 0.03812316715542522 0.3272490221642764
2 0.5342130987292277 0.5019556714471968 0.026392961876832842 0.32073011734028684
2 0.6031280547409581 0.5013037809647978 0.037145650048875864 0.3246414602346806
2 0.66911045943304 0.5 0.0361681329423265 0.3194263363754889
2 0.7355816226783969 0.5013037809647979 0.04398826979472141 0.31681877444589307
0 0.28201368523949166 0.3741851368970012 0.055718475073313775 0.5684485006518903
0 0.34701857282502446 0.3748370273794003 0.052785923753665684 0.5723598435462842
0 0.40811339198435975 0.37353324641460234 0.05180840664711632 0.5671447196870926
0 0.4721407624633431 0.3722294654498044 0.052785923753665684 0.5723598435462842
0 0.5361681329423265 0.37353324641460234 0.05376344086021505 0.5749674054758801
0 0.5972629521016618 0.37614080834419816 0.05865102639296188 0.5775749674054759
0 0.6598240469208211 0.37614080834419816 0.05474095796676441 0.5671447196870926
0 0.7228739002932553 0.3774445893089961 0.059628543499511244 0.5645371577574967
