2 0.2727272727272727 0.4973924380704041 0.037145650048875864 0.3116036505867015
2 0.3416422287390029 0.497392438070404 0.03421309872922775 0.31681877444589307
2 0.40371456500488756 0.4980443285528031 0.035190615835777136 0.31029986962190353
2 0.47116324535679377 0.498696219035202 0.03323558162267839 0.31421121251629724
2 0.5376344086021504 0.5026075619295959 0.03128054740957967 0.31421121251629724
2 0.6036168132942327 0.4993481095176009 0.03225806451612903 0.3155149934810952
2 0.66911045943304 0.5013037809647979 0.03812316715542522 0.31681877444589307
2 0.7350928641251222 0.5013037809647979 0.037145650048875864 0.3116036505867015
0 0.282991202346041 0.37288135593220334 0.055718475073313796 0.5632333767926986
0 0.3479960899315737 0.3728813559322034 0.048875855327468215 0.5658409387222947
0 0.4105571847507331 0.37027379400260757 0.052785923753665684 0.5658409387222947
0 0.4721407624633431 0.37157757496740534 0.052785923753665684 0.5684485006518903
0 0.5342130987292277 0.3741851368970013 0.05180840664711632 0.5736636245110822
0 0.5977517106549365 0.3722294654498044 0.05180840664711632 0.5723598435462842
0 0.6598240469208211 0.37548891786179917 0.052785923753665684 0.5684485006518903
0 0.724828934506354 0.3748370273794002 0.0576735092864125 0.5619295958279009
