1 0.27370478983382207 0.49674054758800507 0.03323558162267839 0.3155149934810952
1 0.33919843597262955 0.49869621903520206 0.03323558162267839 0.31681877444589307
1 0.40322580645161293 0.5026075619295957 0.0361681329423265 0.31681877444589307
1 0.47116324535679377 0.5013037809647978 0.037145650048875864 0.3246414602346806
1 0.5366568914956013 0.5026075619295957 0.03323558162267839 0.3220338983050847
1 0.6050830889540568 0.5013037809647979 0.037145650048875864 0.3272490221642764
1 0.6710654936461387 0.5006518904823989 0.042033235581622676 0.318122555410691
1 0.7346041055718474 0.5 0.03421309872922775 0.31421121251629724
0 0.28543499511241444 0.3754889178617992 0.05474095796676441 0.560625814863103
0 0.34701857282502446 0.37288135593220345 0.052785923753665684 0.5658409387222947
0 0.4095796676441838 0.3735332464146023 0.05083088954056701 0.5723598435462841
0 0.4736070381231671 0.3754889178617992 0.05180840664711632 0.576271186440678
0 0.5347018572825024 0.3748370273794003 0.052785923753665684 0.5801825293350718
0 0.5982404692082112 0.37614080834419816 0.052785923753665684 0.5775749674054759
0 0.6598240469208211 0.3735332464146024 0.05669599217986314 0.5697522816166886
0 0.7243401759530792 0.37483702737940033 0.060606060606060635 0.5645371577574969
