2 0.270772238514174 0.49543676662320735 0.03128054740957967 0.318122555410691
2 0.33822091886608013 0.4973924380704042 0.03323558162267839 0.3220338983050847
2 0.4056695992179863 0.49674054758800523 0.035190615835777136 0.318122555410691
2 0.47018572825024435 0.4986962190352021 0.037145650048875864 0.3246414602346806
2 0.5361681329423265 0.5006518904823989 0.03421309872922775 0.318122555410691
2 0.6031280547409581 0.4980443285528031 0.037145650048875864 0.32333767926988266
2 0.6710654936461389 0.499348109517601 0.03812316715542522 0.318122555410691
2 0.7355816226783969 0.5019556714471968 0.03812316715542522 0.3155149934810952
0 0.2834799608993157 0.3709256844850065 0.05669599217986314 0.5645371577574967
0 0.34799608993157377 0.37418513689700134 0.050830889540566956 0.5710560625814863
0 0.4086021505376344 0.37222946544980445 0.052785923753665684 0.5697522816166886
0 0.47116324535679377 0.3748370273794003 0.052785923753665684 0.5723598435462842
0 0.5351906158357771 0.3754889178617992 0.05376344086021505 0.5736636245110822
0 0.5967741935483872 0.37353324641460245 0.05180840664711632 0.5697522816166886
0 0.6608015640273704 0.3767926988265971 0.05669599217986314 0.5684485006518903
0 0.7253176930596286 0.37614080834419816 0.06256109481915934 0.5671447196870926
