1 0.2732160312805474 0.4960886571056061 0.03421309872922775 0.31421121251629724
1 0.33870967741935487 0.49999999999999983 0.0361681329423265 0.31681877444589307
1 0.40371456500488756 0.49674054758800523 0.039100684261974585 0.32073011734028684
1 0.4721407624633431 0.49999999999999983 0.035190615835777136 0.31681877444589307
1 0.5366568914956013 0.5019556714471969 0.03323558162267839 0.318122555410691
1 0.6050830889540567 0.5006518904823989 0.03128054740957967 0.32073011734028684
1 0.6686217008797654 0.5013037809647979 0.035190615835777136 0.31681877444589307
1 0.7355816226783969 0.5013037809647979 0.03812316715542522 0.31681877444589307
0 0.28494623655913964 0.37353324641460217 0.05767350928641239 0.5619295958279006
0 0.34799608993157377 0.37418513689700134 0.050830889540566956 0.5710560625814863
0 0.4086021505376344 0.37222946544980445 0.04887585532746823 0.5697522816166886
0 0.4731182795698924 0.3722294654498044 0.050830889540566956 0.5723598435462842
0 0.5356793743890518 0.3748370273794003 0.05474095796676441 0.5801825293350718
0 0.5987292277614858 0.37222946544980445 0.05376344086021505 0.5749674054758801
0 0.6598240469208211 0.37353324641460245 0.052785923753665684 0.5697522816166886
0 0.7248289345063539 0.3748370273794002 0.059628543499511244 0.5671447196870926
