1 0.27259185700099303 0.49735099337748345 0.03872889771598809 0.31125827814569534
1 0.33962264150943416 0.4973509933774835 0.035749751737835095 0.3139072847682117
1 0.40367428003972194 0.49933774834437084 0.034756703078450836 0.3125827814569536
1 0.471201588877855 0.49933774834437095 0.034756703078450836 0.3205298013245033
1 0.5352532274081431 0.5019867549668874 0.029791459781529295 0.3178807947019868
1 0.6037735849056604 0.5013245033112583 0.035749751737835164 0.31920529801324504
1 0.6708043694141013 0.5019867549668874 0.03872889771598809 0.3205298013245033
1 0.7343594836146972 0.5006622516556292 0.03872889771598809 0.3152317880794703
0 0.2855014895729891 0.3701986754966887 0.05461767626613704 0.5629139072847682
0 0.34707050645481635 0.37086092715231783 0.0506454816285998 0.5668874172185431
0 0.4096325719960277 0.371523178807947 0.05263157894736842 0.5655629139072847
0 0.4721946375372393 0.3754966887417218 0.05263157894736842 0.5735099337748344
0 0.5352532274081429 0.3748344370860927 0.05163853028798411 0.5748344370860927
0 0.5963257199602782 0.3741721854304636 0.05263157894736842 0.5708609271523178
0 0.6613704071499497 0.37748344370860903 0.05362462760675269 0.5721854304635757
0 0.7249255213505463 0.375496688741722 0.05759682224429 0.5629139072847684
