0 0.28401585204755614 0.37235915492957744 0.05812417437252312 0.5721830985915493
1 0.27014531043593126 0.4964788732394366 0.0303830911492734 0.3274647887323943
1 0.3361955085865258 0.5 0.03038309114927345 0.31690140845070425
1 0.4035667107001321 0.5008802816901409 0.035667107001321 0.3151408450704225
1 0.4709379128137385 0.49911971830985913 0.035667107001321 0.32218309859154926
1 0.5376486129458389 0.5 0.031704095112285335 0.32394366197183105
1 0.6030383091149273 0.49559859154929575 0.035667107001321 0.32218309859154926
1 0.6690885072655217 0.5008802816901408 0.03830911492734478 0.32570422535211274
1 0.7371202113606341 0.49735915492957744 0.036988110964332896 0.3151408450704225
0 0.3467635402906209 0.3714788732394366 0.051519154557463656 0.5739436619718311
0 0.4095112285336856 0.3705985915492957 0.05019815059445177 0.5686619718309858
0 0.4715984147952444 0.375 0.05019815059445177 0.5774647887323944
0 0.5350066050198151 0.3732394366197183 0.055482166446499344 0.5774647887323944
0 0.5970937912813739 0.3732394366197183 0.052840158520475564 0.5704225352112676
0 0.6631439894319684 0.3758802816901408 0.0607661822985469 0.5686619718309858
0 0.7239101717305151 0.37411971830985913 0.06340819022457067 0.5651408450704224
