2 0.2702834799608993 0.49413298565840946 0.03225806451612903 0.318122555410691
2 0.33870967741935487 0.49543676662320735 0.0361681329423265 0.318122555410691
2 0.4042033235581623 0.49674054758800523 0.04007820136852395 0.32073011734028684
2 0.47116324535679366 0.498696219035202 0.039100684261974585 0.3194263363754889
2 0.5371456500488759 0.5006518904823989 0.03421309872922775 0.318122555410691
2 0.6026392961876834 0.499348109517601 0.0361681329423265 0.32333767926988266
2 0.6686217008797654 0.5013037809647978 0.037145650048875864 0.3194263363754889
2 0.7370478983382209 0.4993481095176009 0.04105571847507331 0.3155149934810952
0 0.2864125122189638 0.3728813559322034 0.05474095796676441 0.5632333767926988
0 0.34701857282502446 0.37288135593220334 0.04887585532746823 0.5684485006518903
0 0.4086021505376344 0.3741851368970013 0.052785923753665684 0.5736636245110822
0 0.4716520039100684 0.37353324641460245 0.05180840664711632 0.5697522816166886
0 0.5342130987292277 0.3748370273794003 0.04985337243401759 0.5723598435462842
0 0.5987292277614863 0.37483702737940033 0.053763440860215186 0.5749674054758802
0 0.5953079178885631 0.08344198174706649 0.0039100684261974585 0.007822685788787486
0 0.6608015640273706 0.37614080834419833 0.05669599217986316 0.5697522816166887
0 0.7262952101661778 0.3774445893089961 0.06256109481915934 0.5619295958279009
