1 0.2732160312805474 0.4973924380704042 0.0361681329423265 0.31421121251629724
1 0.3387096774193548 0.5 0.03421309872922775 0.31421121251629724
1 0.40224828934506357 0.4960886571056063 0.0361681329423265 0.3194263363754889
1 0.47018572825024435 0.5 0.03128054740957967 0.3194263363754889
1 0.5366568914956011 0.5 0.03128054740957967 0.31421121251629724
1 0.6026392961876834 0.4993481095176009 0.03225806451612903 0.32073011734028684
1 0.6681329423264906 0.5032594524119947 0.03421309872922775 0.318122555410691
1 0.7346041055718476 0.5006518904823989 0.03812316715542522 0.318122555410691
0 0.2839687194525904 0.3722294654498042 0.05962854349951121 0.5619295958279005
0 0.3484848484848485 0.37353324641460234 0.05180840664711632 0.5671447196870926
0 0.40957966764418374 0.3715775749674055 0.050830889540566956 0.5658409387222947
0 0.4721407624633431 0.3748370273794003 0.052785923753665684 0.5723598435462842
0 0.5361681329423265 0.3741851368970013 0.05180840664711632 0.5684485006518903
0 0.5967741935483871 0.3761408083441984 0.04789833822091898 0.5749674054758802
0 0.6598240469208211 0.3774445893089961 0.052785923753665684 0.5723598435462842
0 0.7243401759530792 0.3767926988265971 0.05865102639296188 0.5658409387222947
