2 0.2727272727272727 0.49608865710560623 0.037145650048875864 0.31681877444589307
2 0.33822091886608013 0.49674054758800523 0.035190615835777136 0.318122555410691
2 0.4042033235581623 0.49608865710560623 0.0361681329423265 0.3116036505867015
2 0.4706744868035191 0.499348109517601 0.0361681329423265 0.318122555410691
2 0.538123167155425 0.5026075619295957 0.04007820136852394 0.316818774445893
2 0.6026392961876833 0.5006518904823989 0.03812316715542522 0.32333767926988266
2 0.6681329423264907 0.5019556714471968 0.0361681329423265 0.32073011734028684
2 0.734115347018573 0.5006518904823988 0.03714565004887574 0.31812255541069095
0 0.28690127077223854 0.37222946544980445 0.05376344086021505 0.5645371577574967
0 0.3475073313782991 0.37222946544980445 0.05376344086021505 0.5645371577574967
0 0.4090909090909091 0.3702737940026075 0.055718475073313775 0.5684485006518903
0 0.4716520039100684 0.3709256844850065 0.05376344086021505 0.5723598435462842
0 0.5351906158357771 0.3754889178617992 0.05376344086021505 0.5736636245110822
0 0.5953079178885632 0.3741851368970013 0.052785923753665684 0.576271186440678
0 0.6598240469208211 0.3761408083441982 0.052785923753665684 0.5723598435462842
0 0.7248289345063539 0.3767926988265971 0.0635386119257087 0.5658409387222947
