2 0.27174975562072323 0.49674054758800534 0.03519061583577712 0.31551499348109535
2 0.34017595307917886 0.497392438070404 0.035190615835777136 0.31681877444589307
2 0.40224828934506357 0.4973924380704042 0.03421309872922775 0.3194263363754889
2 0.47116324535679366 0.497392438070404 0.03128054740957967 0.31681877444589307
2 0.535190615835777 0.49999999999999983 0.030303030303030526 0.316818774445893
2 0.6036168132942324 0.5000000000000001 0.032258064516129024 0.3194263363754889
2 0.6695992179863148 0.5013037809647977 0.03519061583577712 0.31681877444589307
2 0.7336265884652982 0.5019556714471969 0.04007820136852395 0.318122555410691
0 0.28445747800586496 0.37418513689700106 0.06060606060606056 0.5632333767926985
0 0.34701857282502435 0.37353324641460234 0.050830889540566956 0.5671447196870926
0 0.4095796676441838 0.37222946544980445 0.052785923753665684 0.5671447196870926
0 0.4716520039100684 0.3715775749674055 0.05180840664711632 0.5658409387222947
0 0.533724340175953 0.3728813559322034 0.052785923753665684 0.5710560625814863
0 0.5967741935483872 0.37418513689700134 0.05180840664711632 0.5710560625814863
0 0.6593352883675465 0.3767926988265971 0.055718475073313775 0.5710560625814863
0 0.7238514173998045 0.37548891786179917 0.059628543499511244 0.5684485006518903
