1 0.272238514173998 0.4973924380704042 0.03421309872922775 0.3194263363754889
1 0.3372434017595307 0.49934810951760106 0.03128054740957967 0.31290743155149936
1 0.4042033235581623 0.4960886571056061 0.030303030303030304 0.31421121251629724
1 0.47067448680351903 0.499348109517601 0.03421309872922775 0.32333767926988266
1 0.5386119257086995 0.5006518904823989 0.03519061583577712 0.32333767926988266
1 0.6045943304007821 0.5 0.0361681329423265 0.3194263363754889
1 0.667644183773216 0.5013037809647978 0.035190615835777136 0.3194263363754889
1 0.7380254154447702 0.5006518904823989 0.04105571847507331 0.318122555410691
0 0.2854349951124144 0.3761408083441982 0.054740957966764564 0.5671447196870928
0 0.34799608993157377 0.3728813559322034 0.050830889540566956 0.5710560625814863
0 0.4095796676441838 0.37027379400260757 0.04887585532746823 0.5658409387222947
0 0.47262952101661776 0.3748370273794003 0.04985337243401759 0.5723598435462842
0 0.5356793743890518 0.3754889178617992 0.052785923753665684 0.5736636245110822
0 0.5987292277614858 0.3754889178617992 0.04985337243401759 0.576271186440678
0 0.6598240469208211 0.3761408083441982 0.05474095796676441 0.5723598435462842
0 0.7272727272727271 0.3761408083441981 0.06060606060606061 0.5619295958279007
