1 0.27174975562072334 0.49869621903520217 0.03714565004887585 0.319426336375489
1 0.33919843597262944 0.498696219035202 0.035190615835777136 0.3194263363754889
1 0.4042033235581622 0.5006518904823989 0.03225806451612903 0.318122555410691
1 0.4706744868035191 0.5000000000000001 0.03421309872922764 0.3220338983050847
1 0.5371456500488758 0.5019556714471968 0.03225806451612903 0.32073011734028684
1 0.6041055718475075 0.5006518904823989 0.035190615835777136 0.32333767926988266
1 0.66911045943304 0.5006518904823989 0.0361681329423265 0.318122555410691
1 0.734115347018573 0.5006518904823989 0.037145650048875864 0.318122555410691
0 0.281524926686217 0.37548891786179905 0.05865102639296185 0.5658409387222944
0 0.34701857282502446 0.37483702737940033 0.052785923753665684 0.5697522816166886
0 0.41006842619745837 0.37353324641460234 0.051808406647116334 0.5723598435462842
0 0.4711632453567938 0.3748370273794005 0.04887585532746828 0.5723598435462847
0 0.5342130987292277 0.3748370273794003 0.05376344086021505 0.5749674054758801
0 0.5977517106549365 0.3741851368970013 0.05180840664711632 0.5736636245110822
0 0.6603128054740958 0.3761408083441982 0.055718475073313775 0.5723598435462842
0 0.7233626588465298 0.37483702737940033 0.05865102639296188 0.5697522816166886
