1 0.2732160312805474 0.4980443285528031 0.0361681329423265 0.3155149934810952
1 0.3387096774193548 0.4980443285528031 0.03225806451612903 0.3155149934810952
1 0.40175953079178883 0.49543676662320735 0.027370478983382206 0.318122555410691
1 0.47116324535679377 0.4993481095176009 0.03323558162267839 0.3155149934810952
1 0.5386119257086996 0.5006518904823989 0.033235581622678374 0.3181225554106911
1 0.6036168132942328 0.5013037809647979 0.030303030303030304 0.3220338983050847
1 0.66911045943304 0.4993481095176009 0.03421309872922775 0.3155149934810952
1 0.7360703812316716 0.5019556714471968 0.037145650048875864 0.3155149934810952
0 0.2849462365591397 0.37353324641460206 0.05767350928641246 0.5619295958279005
0 0.3489736070381231 0.37288135593220334 0.050830889540566956 0.5684485006518903
0 0.4100684261974585 0.37222946544980445 0.05180840664711632 0.5671447196870926
0 0.4731182795698925 0.3741851368970013 0.052785923753665684 0.5736636245110822
0 0.5351906158357771 0.37418513689700134 0.04985337243401759 0.5710560625814863
0 0.5977517106549365 0.3767926988265971 0.05180840664711632 0.5710560625814863
0 0.6608015640273704 0.3748370273794002 0.052785923753665684 0.5645371577574967
0 0.7243401759530792 0.3767926988265971 0.05865102639296188 0.5632333767926988
