2 0.27174975562072334 0.4947848761408082 0.03128054740957967 0.3116036505867015
2 0.33822091886608013 0.499348109517601 0.03128054740957967 0.318122555410691
2 0.4046920821114369 0.49804432855280295 0.03323558162267839 0.318122555410691
2 0.4706744868035191 0.499348109517601 0.0361681329423265 0.318122555410691
2 0.5361681329423265 0.5032594524119948 0.03225806451612903 0.32073011734028684
2 0.6021505376344086 0.49869621903520206 0.03323558162267839 0.31681877444589307
2 0.667644183773216 0.5026075619295959 0.037145650048875864 0.3194263363754889
2 0.7355816226783969 0.5013037809647979 0.0361681329423265 0.31681877444589307
0 0.28494623655913975 0.3728813559322034 0.0576735092864125 0.5580182529335072
0 0.34799608993157377 0.37353324641460234 0.052785923753665684 0.5671447196870926
0 0.406158357771261 0.37353324641460234 0.04985337243401759 0.5671447196870926
0 0.47262952101661765 0.3722294654498043 0.05376344086021504 0.5671447196870925
0 0.5351906158357771 0.3761408083441982 0.05376344086021505 0.5723598435462842
0 0.5997067448680352 0.37353324641460234 0.055718475073313775 0.5671447196870926
0 0.6588465298142718 0.37483702737940033 0.050830889540566956 0.5697522816166886
0 0.7233626588465298 0.3767926988265971 0.05865102639296188 0.5658409387222947
