2 0.27468230694037143 0.4973924380704042 0.037145650048875864 0.31421121251629724
2 0.33822091886608013 0.49804432855280306 0.03323558162267839 0.31290743155149936
2 0.4037145650048876 0.4980443285528031 0.03323558162267839 0.3155149934810952
2 0.47116324535679366 0.499348109517601 0.035190615835777136 0.318122555410691
2 0.5371456500488758 0.5006518904823989 0.03225806451612903 0.31290743155149936
2 0.604594330400782 0.5019556714471969 0.03812316715542522 0.32333767926988266
2 0.6700879765395894 0.5026075619295957 0.03812316715542522 0.31681877444589307
2 0.7355816226783969 0.5006518904823989 0.04007820136852395 0.31290743155149936
0 0.2864125122189638 0.37222946544980445 0.05474095796676441 0.5645371577574967
0 0.3489736070381232 0.37483702737940033 0.052785923753665684 0.5697522816166886
0 0.4100684261974585 0.37288135593220334 0.05376344086021505 0.5684485006518903
0 0.47116324535679366 0.37157757496740546 0.0469208211143695 0.5736636245110822
0 0.5342130987292277 0.37483702737940033 0.05180840664711632 0.5697522816166886
0 0.5977517106549366 0.3774445893089961 0.04985337243401759 0.5775749674054759
0 0.6608015640273704 0.3767926988265971 0.052785923753665684 0.5710560625814863
0 0.7258064516129034 0.3767926988265971 0.0576735092864125 0.5658409387222946
