2 0.2727272727272727 0.4973924380704042 0.03128054740957967 0.31421121251629724
2 0.33919843597262955 0.499348109517601 0.037145650048875864 0.318122555410691
2 0.40566959921798634 0.5006518904823989 0.03323558162267839 0.318122555410691
2 0.47262952101661776 0.499348109517601 0.03812316715542522 0.318122555410691
2 0.5356793743890518 0.5013037809647979 0.035190615835777136 0.3220338983050847
2 0.6041055718475073 0.5 0.037145650048875864 0.3194263363754889
2 0.6695992179863147 0.5 0.037145650048875864 0.3194263363754889
2 0.7350928641251221 0.5013037809647978 0.04105571847507331 0.31421121251629724
0 0.28494623655913975 0.37157757496740546 0.055718475073313775 0.560625814863103
0 0.3475073313782991 0.37418513689700134 0.05376344086021505 0.5710560625814863
0 0.4090909090909091 0.3748370273794003 0.05180840664711632 0.5723598435462842
0 0.47116324535679377 0.37157757496740546 0.052785923753665684 0.5710560625814863
0 0.5347018572825024 0.3741851368970013 0.050830889540566956 0.5788787483702739
0 0.5982404692082112 0.3741851368970013 0.052785923753665684 0.576271186440678
0 0.6603128054740958 0.3754889178617992 0.055718475073313775 0.5710560625814863
0 0.7228739002932553 0.3748370273794002 0.059628543499511244 0.5671447196870926
