2 0.27174975562072334 0.49674054758800507 0.03128054740957967 0.3155149934810952
2 0.33822091886608013 0.4980443285528031 0.035190615835777136 0.3155149934810952
2 0.4051808406647116 0.4980443285528031 0.042033235581622676 0.31029986962190353
2 0.47165200391006834 0.5006518904823989 0.03225806451612903 0.32073011734028684
2 0.5371456500488759 0.5032594524119947 0.03421309872922775 0.318122555410691
2 0.603128054740958 0.5006518904823989 0.035190615835777136 0.32073011734028684
2 0.6695992179863148 0.5006518904823989 0.035190615835777136 0.3155149934810952
2 0.7370478983382209 0.5013037809647978 0.04105571847507331 0.31421121251629724
0 0.28543499511241444 0.37222946544980445 0.05474095796676441 0.5645371577574967
0 0.3465298142717497 0.37222946544980445 0.04985337243401759 0.5645371577574967
0 0.407624633431085 0.37157757496740534 0.05474095796676441 0.5684485006518903
0 0.47067448680351903 0.37353324641460234 0.04985337243401759 0.5749674054758801
0 0.5356793743890518 0.37353324641460234 0.052785923753665684 0.5775749674054759
0 0.5957966764418378 0.3761408083441982 0.05180840664711632 0.5749674054758801
0 0.6603128054740958 0.3741851368970013 0.055718475073313775 0.5684485006518903
0 0.7248289345063539 0.37614080834419816 0.06158357771260997 0.5671447196870926
