2 0.27174975562072334 0.4954367666232074 0.03323558162267839 0.32073011734028684
2 0.3367546432062561 0.49804432855280295 0.026392961876832842 0.318122555410691
2 0.4042033235581622 0.4973924380704042 0.03225806451612903 0.3194263363754889
2 0.46920821114369504 0.5 0.03323558162267839 0.3246414602346806
2 0.5371456500488759 0.5026075619295959 0.03421309872922775 0.3194263363754889
2 0.604594330400782 0.5006518904823989 0.03812316715542522 0.32073011734028684
2 0.66911045943304 0.5 0.0361681329423265 0.3246414602346806
2 0.7346041055718476 0.499348109517601 0.0361681329423265 0.318122555410691
0 0.281524926686217 0.37418513689700134 0.052785923753665684 0.560625814863103
0 0.34701857282502446 0.3728813559322034 0.044965786901270774 0.576271186440678
0 0.41104594330400784 0.37222946544980445 0.05180840664711632 0.5697522816166886
0 0.4721407624633431 0.37353324641460234 0.04887585532746823 0.5749674054758801
0 0.5347018572825024 0.37222946544980445 0.052785923753665684 0.5671447196870926
0 0.5967741935483871 0.3761408083441982 0.05376344086021505 0.5749674054758801
0 0.6627565982404693 0.3767926988265971 0.05474095796676441 0.5658409387222947
0 0.7238514173998045 0.3767926988265971 0.0576735092864125 0.560625814863103
