2 0.27419354838709675 0.4960886571056061 0.03812316715542522 0.31421121251629724
2 0.3416422287390029 0.49869621903520206 0.03812316715542522 0.31681877444589307
2 0.4027370478983382 0.5 0.03323558162267839 0.31681877444589307
2 0.4687194525904203 0.499348109517601 0.03421309872922775 0.318122555410691
2 0.5356793743890518 0.5013037809647978 0.03323558162267839 0.3194263363754889
2 0.6036168132942328 0.5006518904823989 0.03421309872922775 0.32073011734028684
2 0.6681329423264906 0.5013037809647979 0.03421309872922775 0.31681877444589307
2 0.734115347018573 0.5006518904823989 0.037145650048875864 0.31290743155149936
0 0.284457478005865 0.3728813559322034 0.05669599217986314 0.5632333767926988
0 0.34848484848484845 0.37222946544980445 0.049853372434017586 0.5671447196870926
0 0.4090909090909091 0.37092568448500657 0.05180840664711632 0.5697522816166886
0 0.4716520039100684 0.37418513689700134 0.04985337243401759 0.5710560625814863
0 0.5356793743890518 0.3761408083441982 0.05474095796676441 0.5749674054758801
0 0.5977517106549365 0.3761408083441982 0.05180840664711632 0.5723598435462842
0 0.6598240469208211 0.3774445893089961 0.052785923753665684 0.5697522816166886
0 0.7248289345063539 0.3767926988265971 0.06158357771260997 0.5658409387222947
