2 0.27419354838709675 0.4986962190352021 0.03225806451612903 0.3116036505867015
2 0.3416422287390029 0.49674054758800523 0.03421309872922775 0.318122555410691
2 0.4037145650048876 0.4986962190352021 0.037145650048875864 0.3116036505867015
2 0.4687194525904203 0.49869621903520206 0.030303030303030304 0.3220338983050847
2 0.5356793743890518 0.5006518904823989 0.03128054740957967 0.318122555410691
2 0.6021505376344086 0.49999999999999983 0.037145650048875864 0.3220338983050847
2 0.6695992179863148 0.5019556714471969 0.035190615835777136 0.318122555410691
2 0.7350928641251222 0.4993481095176009 0.035190615835777136 0.3155149934810952
0 0.2854349951124144 0.37157757496740546 0.05474095796676453 0.5658409387222947
0 0.34799608993157377 0.3741851368970013 0.050830889540566956 0.5684485006518903
0 0.40811339198435975 0.37222946544980445 0.05376344086021505 0.5645371577574967
0 0.4716520039100684 0.3741851368970013 0.05376344086021505 0.5736636245110822
0 0.5337243401759529 0.3761408083441982 0.05278592375366567 0.5723598435462843
0 0.5977517106549365 0.37614080834419816 0.05180840664711632 0.5775749674054759
0 0.6603128054740957 0.37744458930899627 0.053763440860215166 0.5749674054758802
0 0.7238514173998045 0.37418513689700134 0.055718475073313775 0.5658409387222947
