1 0.27174975562072334 0.497392438070404 0.037145650048875864 0.31681877444589307
1 0.3367546432062561 0.49869621903520206 0.030303030303030304 0.31681877444589307
1 0.4017595307917889 0.4960886571056061 0.03323558162267839 0.31421121251629724
1 0.4716520039100684 0.4980443285528031 0.03421309872922775 0.3155149934810952
1 0.5361681329423265 0.49999999999999983 0.03421309872922775 0.3220338983050847
1 0.6050830889540567 0.5013037809647979 0.039100684261974585 0.3220338983050847
1 0.6686217008797654 0.5019556714471969 0.035190615835777136 0.32333767926988266
1 0.7355816226783969 0.49999999999999983 0.04007820136852395 0.31681877444589307
0 0.2864125122189638 0.37614080834419816 0.05669599217986314 0.5645371577574967
0 0.3484848484848485 0.37222946544980445 0.05180840664711632 0.5671447196870926
0 0.4100684261974585 0.37157757496740534 0.05376344086021505 0.5684485006518903
0 0.4721407624633431 0.37157757496740546 0.052785923753665684 0.5710560625814863
0 0.5351906158357772 0.3754889178617992 0.055718475073313775 0.5736636245110822
0 0.5977517106549365 0.37353324641460234 0.055718475073313775 0.5749674054758801
0 0.6603128054740958 0.3761408083441982 0.05376344086021505 0.5749674054758801
0 0.7248289345063539 0.3754889178617992 0.06158357771260997 0.5658409387222947
