2 0.2727272727272727 0.4954367666232074 0.03128054740957967 0.32073011734028684
2 0.33919843597262944 0.4973924380704042 0.03323558162267839 0.3194263363754889
2 0.40224828934506357 0.49869621903520206 0.03812316715542522 0.31681877444589307
2 0.47018572825024435 0.4993481095176009 0.03128054740957967 0.32073011734028684
2 0.5395894428152492 0.5006518904823989 0.037145650048875864 0.318122555410691
2 0.6036168132942327 0.499348109517601 0.0361681329423265 0.318122555410691
2 0.6695992179863147 0.5013037809647978 0.037145650048875864 0.3246414602346806
2 0.7346041055718476 0.498696219035202 0.042033235581622676 0.3194263363754889
0 0.28494623655913975 0.37418513689700134 0.0576735092864125 0.560625814863103
0 0.34750733137829903 0.37222946544980445 0.04985337243401769 0.5645371577574967
0 0.4100684261974585 0.3741851368970013 0.055718475073313775 0.5684485006518903
0 0.4721407624633431 0.3748370273794003 0.044965786901270774 0.5749674054758801
0 0.5347018572825024 0.37353324641460245 0.04887585532746823 0.5697522816166886
0 0.5967741935483871 0.37222946544980445 0.05376344086021505 0.5697522816166886
0 0.663245356793744 0.37679269882659716 0.0576735092864125 0.5736636245110822
0 0.7253176930596286 0.37614080834419816 0.06060606060606061 0.5671447196870926
