1 0.2727272727272727 0.497392438070404 0.035190615835777136 0.31681877444589307
1 0.3396871945259042 0.497392438070404 0.03812316715542522 0.31681877444589307
1 0.4032258064516129 0.4980443285528031 0.03225806451612903 0.32333767926988266
1 0.4721407624633431 0.499348109517601 0.037145650048875864 0.318122555410691
1 0.5386119257086999 0.5013037809647979 0.035190615835777136 0.3220338983050847
1 0.6041055718475075 0.5006518904823989 0.035190615835777136 0.32333767926988266
1 0.6681329423264907 0.5032594524119947 0.03421309872922774 0.31551499348109496
1 0.7341153470185725 0.5032594524119947 0.03323558162267839 0.3102998696219037
0 0.282991202346041 0.37288135593220334 0.055718475073313706 0.5658409387222945
0 0.34701857282502435 0.3702737940026075 0.05083088954056681 0.5684485006518903
0 0.4100684261974585 0.3728813559322034 0.05180840664711632 0.5736636245110822
0 0.4726295210166178 0.37353324641460245 0.05180840664711632 0.5697522816166886
0 0.5351906158357771 0.3754889178617992 0.05376344086021505 0.576271186440678
0 0.5982404692082112 0.3741851368970013 0.052785923753665684 0.5684485006518903
0 0.6603128054740958 0.37548891786179917 0.05180840664711632 0.5684485006518903
0 0.7233626588465297 0.3767926988265971 0.05669599217986314 0.560625814863103
