1 0.2727272727272727 0.4986962190352021 0.035190615835777136 0.3116036505867015
1 0.3387096774193548 0.49674054758800523 0.03225806451612903 0.31290743155149936
1 0.4027370478983382 0.4993481095176009 0.03128054740957967 0.3155149934810952
1 0.47116324535679366 0.49804432855280295 0.035190615835777136 0.318122555410691
1 0.5347018572825024 0.5019556714471968 0.027370478983382206 0.32073011734028684
1 0.6026392961876833 0.4993481095176009 0.030303030303030304 0.3155149934810952
1 0.6686217008797654 0.5019556714471969 0.03323558162267839 0.318122555410691
1 0.7346041055718474 0.5006518904823989 0.03421309872922775 0.3155149934810952
0 0.2829912023460409 0.3722294654498042 0.05571847507331373 0.5645371577574965
0 0.3489736070381232 0.3696219035202086 0.052785923753665684 0.5645371577574967
0 0.4105571847507331 0.37288135593220334 0.050830889540566956 0.5684485006518903
0 0.4731182795698924 0.37353324641460245 0.05474095796676441 0.5697522816166886
0 0.5342130987292277 0.3748370273794003 0.04985337243401758 0.5749674054758801
0 0.5967741935483872 0.3728813559322034 0.055718475073313775 0.5710560625814863
0 0.6593352883675465 0.3767926988265971 0.05376344086021505 0.5710560625814863
0 0.7228739002932553 0.37614080834419816 0.059628543499511244 0.5619295958279009
