2 0.27174975562072334 0.4960886571056063 0.03128054740957967 0.3194263363754889
2 0.3357771260997067 0.4973924380704042 0.03225806451612903 0.3220338983050847
2 0.4046920821114369 0.4980443285528031 0.035190615835777136 0.32073011734028684
2 0.46920821114369504 0.5 0.03323558162267839 0.3194263363754889
2 0.5376344086021505 0.5019556714471968 0.035190615835777136 0.32073011734028684
2 0.6021505376344087 0.49999999999999983 0.035190615835777136 0.3220338983050847
2 0.6695992179863147 0.5006518904823989 0.037145650048875864 0.32073011734028684
2 0.7336265884652982 0.5019556714471968 0.042033235581623016 0.3207301173402868
0 0.28739002932551316 0.37418513689700134 0.052785923753665684 0.5658409387222947
0 0.3475073313782991 0.37353324641460245 0.05180840664711632 0.5697522816166886
0 0.4100684261974585 0.37353324641460245 0.05180840664711632 0.5697522816166886
0 0.47262952101661776 0.37418513689700134 0.05376344086021505 0.5710560625814863
0 0.5342130987292277 0.3728813559322034 0.05180840664711632 0.5710560625814863
0 0.5997067448680352 0.37418513689700134 0.055718475073313775 0.5710560625814863
0 0.6603128054740958 0.3754889178617992 0.055718475073313775 0.5710560625814863
0 0.7243401759530805 0.3780964797913947 0.056695992179863194 0.5684485006518905
