2 0.272238514173998 0.49413298565840946 0.03225806451612903 0.318122555410691
2 0.33822091886608013 0.49934810951760106 0.03323558162267839 0.3259452411994785
2 0.40322580645161293 0.49478487614080835 0.0361681329423265 0.31681877444589307
2 0.46920821114369504 0.4980443285528031 0.037145650048875864 0.32333767926988266
2 0.5356793743890518 0.5006518904823989 0.03128054740957967 0.3259452411994785
2 0.6026392961876834 0.5 0.03225806451612903 0.3246414602346806
2 0.670576735092864 0.5019556714471969 0.039100684261974585 0.32333767926988266
2 0.7341153470185727 0.5006518904823989 0.04105571847507331 0.32073011734028684
0 0.2834799608993157 0.3728813559322034 0.05669599217986314 0.5632333767926988
0 0.34701857282502435 0.3761408083441982 0.050830889540566956 0.5723598435462842
0 0.406158357771261 0.3670143415906127 0.047898338220918865 0.5645371577574967
0 0.4721407624633431 0.37353324641460234 0.050830889540566956 0.5775749674054759
0 0.5347018572825024 0.3754889178617992 0.05474095796676441 0.5736636245110822
0 0.5982404692082111 0.375488917861799 0.052785923753665774 0.5762711864406778
0 0.6612903225806451 0.3761408083441982 0.055718475073313775 0.5723598435462842
0 0.7238514173998045 0.3761408083441982 0.0576735092864125 0.5697522816166886
