1 0.27370478983382207 0.4980443285528031 0.035190615835777136 0.3155149934810952
1 0.33577712609970667 0.498696219035202 0.02834799608993157 0.31421121251629724
1 0.4042033235581623 0.498696219035202 0.03421309872922775 0.31421121251629724
1 0.47018572825024435 0.4980443285528031 0.035190615835777136 0.3155149934810952
1 0.5371456500488759 0.499348109517601 0.03225806451612904 0.3233376792698827
1 0.6036168132942328 0.49869621903520206 0.03421309872922775 0.31681877444589307
1 0.6686217008797654 0.5 0.03323558162267839 0.3194263363754889
1 0.7331378299120236 0.5 0.035190615835777136 0.31421121251629724
0 0.28494623655913975 0.37483702737940006 0.05767350928641237 0.5619295958279007
0 0.3489736070381232 0.3715775749674055 0.052785923753665684 0.5632333767926988
0 0.40909090909090906 0.36962190352020863 0.04985337243401759 0.5697522816166886
0 0.4726295210166178 0.37222946544980445 0.047898338220918865 0.5671447196870926
0 0.5356793743890518 0.3761408083441982 0.052785923753665684 0.5723598435462842
0 0.5977517106549365 0.3728813559322034 0.05180840664711632 0.5710560625814863
0 0.6598240469208211 0.3767926988265971 0.052785923753665684 0.5684485006518903
0 0.7223851417399804 0.3767926988265971 0.05669599217986314 0.560625814863103
