1 0.2727272727272727 0.49478487614080835 0.035190615835777136 0.31681877444589307
1 0.33773216031280545 0.4980443285528031 0.030303030303030304 0.3155149934810952
1 0.4032258064516129 0.49934810951760106 0.03225806451612903 0.3259452411994785
1 0.47165200391006834 0.49804432855280295 0.03225806451612903 0.318122555410691
1 0.5361681329423263 0.5019556714471968 0.02834799608993157 0.32073011734028684
1 0.6036168132942327 0.5 0.03225806451612903 0.3194263363754889
1 0.6700879765395895 0.5006518904823989 0.0361681329423265 0.32073011734028684
1 0.7360703812316716 0.5006518904823989 0.04105571847507331 0.318122555410691
0 0.28396871945259017 0.37092568448500657 0.05962854349951094 0.5645371577574969
0 0.3489736070381231 0.37157757496740534 0.050830889540566956 0.5684485006518903
0 0.4086021505376344 0.37353324641460234 0.050830889540566956 0.5749674054758801
0 0.4726295210166178 0.3728813559322034 0.05180840664711632 0.5736636245110822
0 0.5327468230694037 0.3754889178617992 0.052785923753665684 0.5788787483702739
0 0.5977517106549365 0.3741851368970013 0.05180840664711632 0.5736636245110822
0 0.6608015640273704 0.37027379400260757 0.052785923753665684 0.5658409387222947
0 0.7258064516129032 0.3748370273794002 0.0635386119257087 0.5671447196870926
