1 0.2727272727272727 0.4954367666232072 0.035190615835777136 0.31290743155149936
1 0.33919843597262955 0.499348109517601 0.03323558162267839 0.318122555410691
1 0.40371456500488756 0.4960886571056063 0.035190615835777136 0.3194263363754889
1 0.46969696969696967 0.49804432855280295 0.030303030303030304 0.318122555410691
1 0.5351906158357771 0.5013037809647978 0.03225806451612903 0.3194263363754889
1 0.6026392961876833 0.498696219035202 0.03421309872922775 0.31421121251629724
1 0.6681329423264907 0.5013037809647978 0.0361681329423265 0.31421121251629724
1 0.7326490713587488 0.5013037809647978 0.03225806451612903 0.31421121251629724
0 0.28543499511241427 0.3709256844850061 0.05474095796676423 0.5593220338983045
0 0.34799608993157377 0.37353324641460245 0.050830889540566956 0.5697522816166886
0 0.40909090909090906 0.37222946544980445 0.04985337243401759 0.5697522816166886
0 0.47262952101661765 0.37353324641460234 0.05180840664711634 0.5671447196870925
0 0.5351906158357772 0.3748370273794003 0.05180840664711632 0.5723598435462842
0 0.5967741935483872 0.37353324641460234 0.05180840664711632 0.5671447196870926
0 0.6598240469208211 0.3754889178617992 0.052785923753665684 0.5658409387222947
0 0.7223851417399804 0.3767926988265971 0.05474095796676441 0.5632333767926988
