2 0.270772238514174 0.49348109517601046 0.03323558162267839 0.3194263363754889
2 0.34017595307917886 0.49608865710560635 0.035190615835777136 0.3220338983050847
2 0.4051808406647116 0.4954367666232072 0.03812316715542522 0.31290743155149936
2 0.46969696969696967 0.49674054758800534 0.03421309872922775 0.32333767926988266
2 0.5366568914956011 0.5 0.039100684261974585 0.3194263363754889
2 0.6031280547409581 0.5006518904823989 0.03323558162267839 0.32333767926988266
2 0.6695992179863147 0.5 0.037145650048875864 0.3194263363754889
2 0.7336265884652982 0.499348109517601 0.04007820136852395 0.318122555410691
0 0.2834799608993157 0.3728813559322034 0.05474095796676441 0.5580182529335072
0 0.34799608993157377 0.37418513689700134 0.04887585532746823 0.5710560625814863
0 0.40762463343108507 0.37092568448500657 0.04887585532746823 0.5645371577574967
0 0.47262952101661776 0.37157757496740534 0.04985337243401759 0.5684485006518903
0 0.5356793743890518 0.37353324641460245 0.054740957966764404 0.5749674054758802
0 0.5962854349951126 0.3761408083441982 0.050830889540566956 0.5749674054758801
0 0.6608015640273704 0.3748370273794003 0.05474095796676441 0.5723598435462842
0 0.724828934506354 0.3754889178617992 0.0576735092864125 0.5658409387222947
