2 0.272238514173998 0.49674054758800507 0.03225806451612903 0.3155149934810952
2 0.3396871945259042 0.4973924380704042 0.03421309872922775 0.3194263363754889
2 0.40371456500488756 0.4973924380704042 0.035190615835777136 0.3220338983050847
2 0.47018572825024435 0.4973924380704042 0.03323558162267839 0.3194263363754889
2 0.5347018572825024 0.499348109517601 0.03323558162267839 0.318122555410691
2 0.6026392961876834 0.499348109517601 0.0361681329423265 0.32333767926988266
2 0.6705767350928642 0.5026075619295959 0.035190615835777136 0.3246414602346806
2 0.7341153470185727 0.5 0.039100684261974585 0.31421121251629724
0 0.28494623655913975 0.37353324641460234 0.055718475073313775 0.5645371577574967
0 0.3484848484848485 0.37288135593220334 0.05180840664711632 0.5684485006518903
0 0.40957966764418374 0.37157757496740534 0.05474095796676441 0.5684485006518903
0 0.4731182795698924 0.3728813559322034 0.050830889540566956 0.5710560625814863
0 0.5347018572825027 0.37222946544980445 0.050830889540566734 0.5749674054758801
0 0.5967741935483871 0.37679269882659716 0.05376344086021505 0.576271186440678
0 0.6612903225806451 0.3761408083441982 0.05180840664711632 0.5749674054758801
0 0.7243401759530792 0.3754889178617992 0.05669599217986314 0.5658409387222947
