0 0.2820136852394916 0.3728813559322034 0.055718475073313775 0.5658409387222947
0 0.3489736070381232 0.37418513689700134 0.052785923753665684 0.5710560625814863
0 0.40811339198435975 0.37288135593220334 0.055718475073313775 0.5684485006518903
0 0.47262952101661776 0.37222946544980445 0.05376344086021505 0.5671447196870926
0 0.5356793743890518 0.3748370273794003 0.052785923753665684 0.5801825293350718
0 0.5987292277614858 0.37353324641460234 0.0576735092864125 0.5723598435462842
0 0.6612903225806451 0.37614080834419816 0.055718475073313775 0.5671447196870926
0 0.7238514173998045 0.37418513689700134 0.0576735092864125 0.5658409387222947
2 0.27174975562072334 0.49934810951760106 0.037145650048875864 0.3076923076923077
2 0.33919843597262955 0.49934810951760106 0.037145650048875864 0.31290743155149936
2 0.40224828934506335 0.4986962190352021 0.03421309872922774 0.31160365058670136
2 0.4716520039100681 0.500651890482399 0.036168132942326375 0.3102998696219037
2 0.5356793743890517 0.5006518904823989 0.03128054740957966 0.3155149934810951
2 0.6031280547409579 0.49934810951760084 0.03128054740957967 0.315514993481095
2 0.6681329423264907 0.5013037809647979 0.03812316715542522 0.31681877444589307
2 0.7365591397849462 0.5006518904823989 0.03812316715542522 0.31290743155149936
