1 0.27370478983382207 0.49934810951760106 0.035190615835777136 0.31290743155149936
1 0.33919843597262944 0.49804432855280295 0.035190615835777136 0.318122555410691
1 0.40518084066471155 0.49739243807040423 0.03225806451612907 0.3142112125162971
1 0.46920821114369504 0.4973924380704042 0.03323558162267839 0.3194263363754889
1 0.5376344086021505 0.5006518904823989 0.035190615835777136 0.3259452411994785
1 0.6041055718475073 0.499348109517601 0.03323558162267839 0.318122555410691
1 0.6671554252199414 0.4993481095176009 0.0361681329423265 0.3155149934810952
1 0.7360703812316715 0.5006518904823989 0.037145650048875864 0.3129074315514994
0 0.2844574780058649 0.3735332464146021 0.058651026392961644 0.5619295958279006
0 0.34799608993157377 0.37222946544980445 0.050830889540566956 0.5671447196870926
0 0.4105571847507331 0.37157757496740534 0.052785923753665684 0.5684485006518903
0 0.4721407624633431 0.37157757496740546 0.050830889540566956 0.5710560625814863
0 0.533724340175953 0.37679269882659716 0.052785923753665684 0.5736636245110822
0 0.5972629521016619 0.3748370273794003 0.052785923753665684 0.5749674054758801
0 0.6578690127077224 0.3741851368970013 0.052785923753665684 0.5684485006518903
0 0.7248289345063539 0.37614080834419816 0.059628543499511244 0.5645371577574967
