1 0.2732160312805474 0.49674054758800495 0.034213098729227724 0.31551499348109496
1 0.33919843597262955 0.49674054758800507 0.037145650048875864 0.3155149934810952
1 0.40371456500488756 0.4980443285528031 0.035190615835777136 0.32073011734028684
1 0.47262952101661776 0.498696219035202 0.03421309872922775 0.3194263363754889
1 0.5351906158357769 0.5006518904823989 0.030303030303030304 0.32073011734028684
1 0.6026392961876834 0.5 0.03225806451612903 0.3194263363754889
1 0.6661779081133916 0.5026075619295959 0.03225806451612902 0.316818774445893
1 0.7346041055718477 0.5000000000000001 0.038123167155425214 0.3116036505867016
0 0.284457478005865 0.3722294654498042 0.05669599217986301 0.5645371577574964
0 0.3475073313782991 0.3715775749674055 0.04985337243401759 0.5658409387222947
0 0.41104594330400784 0.37353324641460234 0.05180840664711632 0.5671447196870926
0 0.4731182795698925 0.37483702737940033 0.052785923753665684 0.5697522816166886
0 0.5342130987292277 0.3754889178617992 0.047898338220918865 0.5736636245110822
0 0.5977517106549365 0.37418513689700134 0.05180840664711632 0.5710560625814863
0 0.6608015640273704 0.3761408083441982 0.052785923753665684 0.5697522816166886
0 0.7233626588465298 0.3754889178617992 0.06060606060606061 0.560625814863103
