1 0.272238514173998 0.49674054758800523 0.0361681329423265 0.31290743155149936
1 0.33919843597262944 0.497392438070404 0.035190615835777136 0.31681877444589307
1 0.40420332355816213 0.4986962190352021 0.03225806451612903 0.3168187744458932
1 0.47116324535679377 0.5019556714471968 0.03323558162267839 0.32073011734028684
1 0.5391006842619747 0.499348109517601 0.0361681329423265 0.318122555410691
1 0.6021505376344087 0.500651890482399 0.031280547409579675 0.3181225554106911
1 0.6695992179863149 0.5006518904823989 0.03323558162267809 0.3155149934810952
1 0.7336265884652982 0.5006518904823989 0.03812316715542522 0.3155149934810952
0 0.2839687194525903 0.37222946544980423 0.059628543499511064 0.5645371577574965
0 0.3098729227761486 0.37940026075619293 0.0039100684261974585 0.002607561929595828
0 0.3489736070381232 0.37222946544980445 0.052785923753665684 0.5671447196870926
0 0.4090909090909091 0.37483702737940033 0.05180840664711632 0.5697522816166886
0 0.4716520039100684 0.3754889178617992 0.05180840664711632 0.5710560625814863
0 0.5342130987292277 0.3748370273794003 0.049853372434017613 0.5697522816166886
0 0.5982404692082113 0.37614080834419794 0.05083088954056685 0.5697522816166882
0 0.6598240469208211 0.3761408083441979 0.05278592375366554 0.5671447196870922
0 0.7243401759530791 0.37614080834419783 0.05669599217986326 0.5619295958279004
