0 0.2815292949354519 0.37284768211920527 0.05263157894736842 0.5629139072847682
1 0.2715988083416087 0.49735099337748356 0.03674280039721947 0.31655629139072855
1 0.3386295928500498 0.49801324503311273 0.033763654419066536 0.3178807947019868
1 0.4001986097318769 0.4980132450331126 0.029791459781529295 0.3152317880794703
1 0.4697120158887786 0.49933774834437095 0.033763654419066536 0.3205298013245033
1 0.5342601787487586 0.5013245033112583 0.029791459781529295 0.31920529801324504
1 0.6042701092353525 0.5026490066225164 0.034756703078450836 0.31125827814569534
1 0.6693147964250248 0.5006622516556292 0.03574975173783514 0.3205298013245031
1 0.7383316782522344 0.5006622516556293 0.040714995034756694 0.3125827814569535
0 0.346573982125124 0.3748344370860927 0.05163853028798411 0.5668874172185431
0 0.4096325719960277 0.371523178807947 0.05263157894736842 0.5708609271523178
0 0.4702085402184707 0.3754966887417218 0.05263157894736842 0.5735099337748344
0 0.5337636544190665 0.3748344370860927 0.0506454816285998 0.5721854304635762
0 0.5968222442899702 0.3741721854304636 0.05561072492552135 0.5682119205298013
0 0.6623634558093346 0.3748344370860927 0.05759682224428997 0.5668874172185431
0 0.7254220456802384 0.376158940397351 0.06256206554121152 0.5668874172185431
